3.72187449196275
3.41195781331625
3.31852557495041
5.37649808109568
3.25624164323579
5.73001706815411
3.79882023284789
4.18226577825016
4.08254562162182
2.94291673531825
4.71885374842306
3.90845868000492
3.22347276587379
4.7072107224163
2.52450986874915
4.77624719372105
3.56809272965174
3.42232648824679
3.61422299244738
2.94250124920435
3.51678787830259
6.09565319562022
4.02173043942199
5.11312511373546
2.94812584458156
5.08297796406183
6.10180618753938
3.54613262123362
5.17714039316476
4.26920935275853
3.2236919732433
3.86241608902105
3.10270923962438
3.06569070344186
3.07493440400093
3.45370345107689
4.02842728733157
4.09300713039947
2.68094639702521
3.98255105755392
5.3738058873392
3.27919962169258
3.58780541966449
4.18226577825016
3.04809434530343
3.43761445090339
3.85566664861327
4.91349929773045
4.21943349858152
4.99856178895667
3.31324427438348
3.5706713569194
4.032442008274
3.91678935082187
4.2921183115819
4.59046833800268
2.94812584458156
2.94812584458156
4.43484500174853
4.8112807030343
3.17013714472086
4.6510447779044
3.88310269004054
4.29518746126282
3.29616014510035
3.70096084736933
3.51959412534175
2.61318135546494
3.51206582443359
4.53103477197203
5.2287241682029
3.17747363266623
3.15027942453113
4.21943349858152
3.95851812557387
4.59046833800268
2.93160856109192
3.55595525363317
4.09312047776781
3.2740148987021
4.12541666571301
5.25507903993137
5.05890215636049
5.73875995036354
3.79821937023551
4.09675382644657
5.69391986085655
3.95851812557387
3.38992566618697
3.48350588933015
3.95057027704013
3.56731785895288
4.15556837362484
3.94566364265606
6.09565319562022
2.5685243522728
3.52134323882522
3.41045035049906
2.53868456596417
2.4479622220758
2.91422672228235
3.89554515207681
4.59176777853742
4.09300713039947
3.24840890914863
4.27981387903043
4.16864069130633
4.96588807025697
4.7764258842618
4.78757491344474
3.3943604379429
3.34772002960722
2.99116378041929
5.13951382860779
5.70171730915018
3.32749752031866
3.22718548718106
3.89330688080664
5.24112459810583
3.67036972105081
4.39480637335155
5.98386088834031
5.68521458707305
4.78615423943182
2.88421240849035
3.37330918677149
3.70094582393929
3.65664301824739
3.57968597231037
3.53537271954386
5.56887387677361
3.85262018633293
3.25518365867297
4.64817111552512
5.88523161884078
4.9627070234203
3.87617977716769
3.97157765427137
2.88421240849035
3.65649751812215
2.65492162232795
2.94812584458156
2.87665897882122
5.6375535830168
6.1565013097273
5.06275509753475
4.21553860259105
3.64375958127265
3.09958197404137
3.06402787967693
4.54939591834599
4.20800359948344
3.70928382132741
5.9238264762125
4.96588807025697
4.0351530305581
